4.437537900003442337e-02 2.925585103864059705e-02 4.226837052484910123e-02 -2.765538068610254308e-02 3.095472957939840453e-02 -3.069669750238745998e-02 -2.866558421826308212e-02 -2.803760111803523317e-02 -4.721476497491211566e-02 -8.658749728209767099e-03 3.437427361983919766e-02 -4.246592493506071847e-02 -1.349767138094357111e-03 -1.083446808184074239e-02 6.059087223008789713e-03 3.536043430401265147e-02 8.300680444824681814e-03 -2.194152642899693459e-02 3.866112836644379491e-02 -8.363567475551470301e-04
9.353427070149876454e-02 1.154040480997669676e-01 6.065364047662295810e-02 -1.026204797742459318e-01 8.661144960431993445e-02 6.728304575838166268e-03 -3.597750906346792316e-02 -8.750531038455083843e-02 -7.398140785486080617e-02 -5.939019983327088748e-02 1.211142788422515104e-01 -1.315258739839938462e-01 3.896186143578461714e-02 -3.014503231023757390e-02 -7.272167051129453663e-02 8.656232298520558088e-02 3.582789212181126948e-02 1.470380131300839943e-02 1.546419321108963296e-01 -8.853744688529330970e-03
1.868575325826122291e-01 1.176087143506221594e-01 1.960724442178488069e-01 -1.287906600214464015e-01 1.504365557142395837e-01 -8.169052145063761261e-02 -8.995347207025555791e-02 -1.136829242444740429e-01 -2.195874174431777237e-01 -3.813368706070130454e-04 1.807804005852911566e-01 -1.571242748667950884e-01 3.069954264609821987e-02 -7.494167492220647764e-02 1.157545318351025504e-02 1.432592479310325073e-01 1.085765616326495875e-01 -5.519001278773423558e-02 2.301603029117447741e-01 2.226456258658069884e-02
1.260546406101176742e-01 8.596278822687014598e-02 8.574076216160222974e-02 -2.791313898029250395e-02 5.446765538505853738e-02 -4.518579225115396808e-02 -6.346962594963341531e-02 3.342977749039287988e-02 -1.577491535017231938e-01 -8.522478516944140270e-02 1.186388752511601391e-01 -7.424163251975945954e-02 6.634052497325461373e-02 -5.281765963649025231e-02 3.699790650276324477e-02 8.697352227396686064e-02 3.199173320858844649e-02 -1.025385927147737519e-01 1.071041147774478841e-01 -6.711742519792006020e-04
8.750884856563040382e-02 5.352573664893579136e-02 1.084412453325138970e-01 -1.058524313056107002e-01 2.963556254574770815e-02 -4.736593545276488598e-02 -3.211294793236463274e-02 -7.255484885823351715e-02 -1.472464931679887123e-01 3.527583535320385349e-02 1.648812212078454020e-01 -1.465860205285942075e-01 -1.240991027105579035e-02 -4.820148103260845501e-02 1.037113784088136703e-01 3.300837764798590646e-02 5.824836552692719271e-02 -3.845550934502256490e-03 9.800516562221305017e-02 -1.034396028187854061e-02
1.124871163695713577e-01 4.698027476325583596e-03 1.833233460145330951e-01 1.139156216257475318e-02 9.175341749323720486e-02 -2.378876166737015768e-02 -1.031431221545734550e-01 -7.974110509598422714e-02 -1.194004180167835827e-01 -2.081060645464743314e-02 1.183964020633034853e-01 -8.323545407651256056e-02 -2.632141504954869232e-02 7.393554811608110677e-03 -2.075740209955038995e-02 1.099155995012773279e-01 8.693113890706163915e-03 -1.783049487112148973e-02 6.940064078533492165e-02 4.055987538408990789e-02
5.890816425145391916e-02 4.761605061788290461e-02 1.468882076763070033e-01 -6.494817467537311595e-02 9.055818135408397196e-02 -7.556485646124005973e-02 -7.416165042843592126e-02 -6.675211082634248394e-02 -1.293451456737275129e-01 3.392364117078268404e-02 1.176905042930363743e-02 -7.371796334207211809e-02 1.184295226490846148e-01 -4.010887295010236164e-02 2.437400397477518937e-02 7.885559416426857204e-02 8.255873207247374501e-02 1.020529872433310892e-02 1.642364840270635340e-01 -2.881584229848890323e-03
1.001675648139615515e-01 1.136625005691511980e-01 5.346817709490692128e-02 -8.478476023028763686e-02 9.591268086928284031e-02 -6.077230728662465220e-02 -1.595639115143969999e-01 -8.995106022225211884e-02 -1.011414172946062534e-01 2.982394407969179984e-02 6.993426876124973768e-02 -6.500005824260091103e-02 -2.115385646979252299e-02 1.345442375946541425e-02 2.722062029497449714e-02 2.635684631791868765e-02 6.352547599850338900e-02 -9.626869384879568892e-02 1.085493552643713028e-01 1.654793130506463164e-02
1.404388705241924606e-01 8.721709377246349149e-02 1.215052272900659647e-01 -6.959708157064847800e-02 2.981518816634068370e-03 -1.045191628270282502e-01 1.114663997174752258e-02 -4.597385185655332440e-02 -1.248245885413404449e-01 1.469464730632156525e-02 7.112807655004846352e-02 -1.486291907266260037e-02 -4.164311003095690772e-02 1.264893858641966129e-02 -2.516818457404251808e-02 8.848419668944831895e-02 6.250112758474106467e-02 -3.573571775024572683e-02 1.756253534322828602e-01 1.495531129173375412e-02
1.229404187315559227e-01 4.179210269756160334e-02 1.329654692837231311e-01 -9.854826958843326823e-02 1.371211449904286839e-01 -9.128588343885049583e-02 -1.165277936096519029e-02 -8.511362911370372319e-02 -8.719192851130323774e-02 -3.411421298446688094e-02 2.846231126893987440e-02 -9.332497465097656930e-02 -1.949076520261429357e-02 -1.200072747390376754e-01 -4.639480760753217012e-03 8.112124475618405495e-02 5.183781754163258038e-03 -8.519821409882656627e-02 7.768200994820320671e-02 -2.017439935712676477e-02
