1 0.00211723218726
2 0.00275511907644
3 0.00452607913033
4 0.00519881848868
5 0.0118458406534
6 0.010953824176
7 0.0107395870841
8 0.0105451191998
9 0.0102719990375
10 0.0100836061431
11 0.00936105209173
12 0.00972388189187
13 0.0101305152566
14 0.00972856777533
15 0.00947545846277
16 0.00941431289754
17 0.0103087278012
18 0.0105101233063
19 0.010138387523
20 0.010515575158
21 0.00974947772216
22 0.010457001202
23 0.00992238367793
24 0.0096171624618
25 0.00983484168392
26 0.0101862796489
27 0.00940120874005
28 0.00953279667695
29 0.0103459106574
30 0.0102802716814