-2.781003676386242796e-05 5.391533189569688075e-05 5.902103488297403503e-05 -1.081323398598777765e-05 -5.428438913948261096e-05 2.271340904200124986e-05 -3.281834683019560907e-05 3.620180586511677194e-05 -2.871619237459813157e-05 -8.271589781599962901e-05 5.877754906805185853e-05 -6.016449982495326518e-05 -4.882179654880152656e-05 1.013614801761411523e-05 -2.135217717787392963e-05 -7.954708988228603771e-05 2.039816232265324718e-05 1.459394133230926434e-04 2.991120873691008645e-05 7.256219486238808065e-05
-1.053552085501462621e+00 2.016777692608594741e+00 2.190506530470928137e+00 -3.679476369288510740e-01 -2.000204207333079687e+00 8.088775245845479800e-01 -1.265288593095869718e+00 1.359284195116918337e+00 -1.066419700056851383e+00 -3.074891874454950269e+00 2.219635800442274931e+00 -2.273805606242679467e+00 -1.769256911129557963e+00 4.094378253076154661e-01 -7.962181653916097224e-01 -3.012236514187235592e+00 7.119342807580927301e-01 5.423972604303825662e+00 1.124978954338804016e+00 2.727714688659308440e+00
-3.282251189010066961e-01 6.534565220079927572e-01 7.235964433423618392e-01 -1.302633088684594376e-01 -6.843729611527273882e-01 2.705309575043524650e-01 -3.848577286970017441e-01 4.494607576486380207e-01 -3.625383898923995041e-01 -1.011230992624744918e+00 7.243596982948321550e-01 -7.426805723640038659e-01 -5.870250760498995080e-01 1.166252767115346367e-01 -2.630278767666132667e-01 -9.827349888755578800e-01 2.402251130033953019e-01 1.803037173973940588e+00 3.596814562521699066e-01 8.925382136154987878e-01
-1.836115510425146424e-01 3.639023153652310993e-01 4.022928580914430507e-01 -7.219661784077315014e-02 -3.792889558002472405e-01 1.501751857393097966e-01 -2.156764995523214046e-01 2.498436655881347002e-01 -2.010686019572610617e-01 -5.624854056172094996e-01 4.032512196329576803e-01 -4.133662412215874937e-01 -3.262837686004038673e-01 6.573235155067445878e-02 -1.463564238911836957e-01 -5.470307379726715435e-01 1.333696117229830336e-01 1.001724610634683543e+00 2.005845821194616185e-01 4.966217703057012600e-01
-2.316295193222316084e-02 4.469697552386144718e-02 4.874507832005291891e-02 -8.313565109392882096e-03 -4.484749889392487809e-02 1.804701039671280718e-02 -2.768425630429308809e-02 3.025422039183263759e-02 -2.387750745596129570e-02 -6.836121746662550402e-02 4.926743695104320725e-02 -5.047866250716184777e-02 -3.940818918470371385e-02 8.845192790302935926e-03 -1.771904688930071164e-02 -6.685566343989980675e-02 1.591504102535848744e-02 1.208597304961738783e-01 2.486382847369833504e-02 6.057786842579728631e-02
-6.322304148744877471e-03 1.224588572757491847e-02 1.337999208878357799e-02 -2.297610728781175442e-03 -1.235270921438140490e-02 4.959714243320074642e-03 -7.539421064512725167e-03 8.305267883584528318e-03 -6.572577724784966872e-03 -1.875629051654969029e-02 1.350739653230333993e-02 -1.384065329975316984e-02 -1.082174797275243031e-02 2.394412435859471187e-03 -4.863668736817243314e-03 -1.832898101357089901e-02 4.377570083443615631e-03 3.319510294910848341e-02 6.803363342258719401e-03 1.661264969773059222e-02
-5.396365483734904406e-02 1.051440414047137700e-01 1.152215464795832284e-01 -2.000104206021635633e-02 -1.069510147292239560e-01 4.279099217778464803e-02 -6.411929039054223289e-02 7.153115573732217458e-02 -5.685015108390160249e-02 -1.614101726930669278e-01 1.161039494093773633e-01 -1.189834996658722527e-01 -9.325487247485321485e-02 2.016484524217222046e-02 -4.188522248130510661e-02 -1.575403871696494651e-01 3.782135698670307383e-02 2.861330999932115704e-01 5.829632451076239424e-02 1.428515962589355093e-01
-1.361676633358499880e-02 2.635205094045544802e-02 2.878059473066214846e-02 -4.935141723626889840e-03 -2.655044913077427710e-02 1.066544101351305125e-02 -1.624609972952858333e-02 1.786433288765284719e-02 -1.412893583415210201e-02 -4.034908869700867123e-02 2.906249180834802673e-02 -2.977884562787869518e-02 -2.327565328040463039e-02 5.166375411283530630e-03 -1.046209231989999981e-02 -3.943668770506707916e-02 9.412027973446829981e-03 7.139316547180464545e-02 1.464448385483961210e-02 3.574138020362360724e-02
-2.823767591381596068e-03 5.461758490985909632e-03 5.963461509146312546e-03 -1.021541333755774912e-03 -5.498590549439830687e-03 2.209537078745243532e-03 -3.370147360914193483e-03 3.701514955000196477e-03 -2.926366315096108183e-03 -8.361028990591393151e-03 6.022904322431949127e-03 -6.171290454934609364e-03 -4.822507100897405197e-03 1.072685644577878357e-03 -2.167777394195106750e-03 -8.172890720205435583e-03 1.949614297551163300e-03 1.479164901767174474e-02 3.035799526604568595e-03 7.406767953436098166e-03
-8.275841365912746644e-04 1.602767281647454224e-03 1.751133327543533515e-03 -3.007056496150189648e-04 -1.616555310110498250e-03 6.490790839006732984e-04 -9.869288819358168919e-04 1.086961891957692605e-03 -8.601483987480334310e-04 -2.454804319794277531e-03 1.767875571493191227e-03 -1.811478229517445243e-03 -1.416315016568762009e-03 3.134637443043305615e-04 -6.365688097296047726e-04 -2.398920607706317258e-03 5.729117560385230774e-04 4.344385781487813784e-03 8.904714889622903544e-04 2.174254392125521320e-03
