>>> for var in [10.0, 1.0, 0.1, 0.01, 0.001, 0.0001]:
...     for d in [20, 50, 100, 200, 400]:
...         for iter in [20, 40, 60]:
...             print var, d, iter
...             print MF(M_train,M_test,var, omega, omega_test,omegau_test,d,iter)
10.0 20 20
0.0118143430309
10.0 20 40
0.0118143430309
10.0 20 60
0.0118143430309
10.0 50 20
0.0118143430309
10.0 50 40
0.0118143430309
10.0 50 60
0.0118143430309
10.0 100 20
0.0118143430309
10.0 100 40
0.0118143430309
10.0 100 60
0.0118143430309
10.0 200 20
0.0118143430309
1.0 20 20
0.0122633788552
1.0 20 40
0.0122633788552
1.0 20 60
0.0122633788552
1.0 50 20
0.0122633788552
0.1 20 20
0.00886135494406
0.1 20 40
0.00888692191787
0.1 20 60
0.00888565213925
0.1 50 20
0.00886414303043
0.01 20 20
0.000770633477177
0.01 20 40
0.00145821523817
0.01 20 60
0.00316925423198
0.01 50 20
0.00158651154572
0.01 50 40
0.0044971407172
0.01 50 60
0.00419099623089
0.01 100 20
0.00776985459164
0.01 100 40
0.0074771346787